Концентрация	Вероятность
0,500482	0,000000
0,501497	0,000000
0,502100	0,000000
0,502787	0,000000
0,504103	0,000000
0,504469	0,000000
0,506022	0,000000
0,507049	0,000000
0,506288	0,000000
0,510005	0,000000
0,510224	0,000000
0,511774	0,000000
0,513055	0,000000
0,514012	0,000000
0,514017	0,000000
0,515115	0,000000
0,516006	0,000000
0,516755	0,000000
0,517968	0,000000
0,519522	0,000000
0,521269	0,000000
0,520166	0,000000
0,521741	0,000000
0,523454	0,000000
0,524107	0,000000
0,525293	0,000000
0,525951	0,000000
0,526706	0,000000
0,528082	0,010000
0,529481	0,010000
0,530039	0,000000
0,530700	0,010000
0,532095	0,000000
0,533927	0,000000
0,534176	0,000000
0,534432	0,000000
0,535854	0,000000
0,537557	0,000000
0,538326	0,010000
0,539404	0,010000
0,539439	0,000000
0,541793	0,010000
0,542657	0,010000
0,542549	0,000000
0,543109	0,010000
0,544809	0,000000
0,545671	0,010000
0,546637	0,000000
0,547998	0,020000
0,550028	0,050000
0,549400	0,020000
0,550547	0,030000
0,552434	0,010000
0,552504	0,010000
0,553892	0,010000
0,555344	0,050000
0,555515	0,020000
0,556557	0,040000
0,557501	0,030000
0,559214	0,020000
0,559484	0,030000
0,561273	0,090000
0,562165	0,090000
0,561958	0,080000
0,562990	0,050000
0,564859	0,110000
0,566208	0,110000
0,566608	0,110000
0,567801	0,090000
0,569403	0,160000
0,570429	0,190000
0,571042	0,200000
0,571943	0,190000
0,573467	0,150000
0,574547	0,200000
0,576191	0,250000
0,575879	0,360000
0,575797	0,200000
0,578700	0,320000
0,579387	0,340000
0,579566	0,420000
0,581171	0,420000
0,582297	0,460000
0,583536	0,480000
0,583824	0,400000
0,585442	0,540000
0,588121	0,610000
0,587376	0,470000
0,588448	0,490000
0,589021	0,610000
0,590926	0,650000
0,591268	0,700000
0,591756	0,650000
0,593256	0,700000
0,594396	0,720000
0,595316	0,780000
0,595657	0,710000
0,597194	0,740000
0,598409	0,750000
0,599370	0,850000
0,599819	0,820000
0,600985	0,900000
0,602109	0,860000
0,602418	0,850000
0,603676	0,870000
0,604264	0,930000
0,606569	0,910000
0,607187	0,920000
0,607375	0,930000
0,609046	0,920000
0,610233	0,980000
0,611069	0,910000
0,612692	0,990000
0,613061	0,950000
0,614106	0,940000
0,615309	0,980000
0,615862	0,980000
0,617135	1,000000
0,618150	0,990000
0,619637	0,990000
0,620752	1,000000
0,620612	1,000000
0,622260	1,000000
0,623289	1,000000
0,623670	1,000000
0,625024	1,000000
0,626146	1,000000
0,627382	1,000000
0,626878	1,000000
0,629002	1,000000
0,629599	1,000000
0,631502	1,000000
0,632378	1,000000
0,633379	1,000000
0,634408	1,000000
0,634842	1,000000
0,635950	1,000000
0,637256	1,000000
0,638290	1,000000
0,638604	1,000000
0,639124	1,000000
0,640854	1,000000
0,641170	1,000000
0,643257	1,000000
0,643477	1,000000
0,644185	1,000000
0,645871	1,000000
0,647716	1,000000
0,648384	1,000000
0,648757	1,000000
0,650599	1,000000
0,650975	1,000000
0,652898	1,000000
0,653501	1,000000
0,654919	1,000000
0,654826	1,000000
0,656178	1,000000
0,657269	1,000000
0,658274	1,000000
0,659233	1,000000
0,660193	1,000000
0,660803	1,000000
0,662628	1,000000
0,662945	1,000000
0,664142	1,000000
0,664636	1,000000
0,665453	1,000000
0,667658	1,000000
0,667811	1,000000
0,668480	1,000000
0,669707	1,000000
0,670787	1,000000
0,671764	1,000000
0,672965	1,000000
0,674689	1,000000
0,675502	1,000000
0,676122	1,000000
0,677130	1,000000
0,678068	1,000000
0,678956	1,000000
0,679635	1,000000
0,680473	1,000000
0,681716	1,000000
0,682516	1,000000
0,683862	1,000000
0,685139	1,000000
0,686333	1,000000
0,686705	1,000000
0,687815	1,000000
0,689354	1,000000
0,690083	1,000000
0,690549	1,000000
0,691423	1,000000
0,692912	1,000000
0,693660	1,000000
0,695116	1,000000
0,695615	1,000000
0,696432	1,000000
0,697546	1,000000
0,699168	1,000000
0,699622	1,000000
0,700781	1,000000
0,702478	1,000000
0,701960	1,000000
0,703760	1,000000
0,705098	1,000000
0,706225	1,000000
0,706666	1,000000
0,707727	1,000000
0,708648	1,000000
0,709554	1,000000
0,711276	1,000000
0,711925	1,000000
0,713386	1,000000
0,713897	1,000000
0,715141	1,000000
0,715708	1,000000
0,716428	1,000000
0,718091	1,000000
0,719037	1,000000
0,719952	1,000000
0,721454	1,000000
0,721571	1,000000
0,722925	1,000000
0,724757	1,000000
0,725229	1,000000
0,725058	1,000000
0,727268	1,000000
0,727195	1,000000
0,728572	1,000000
0,729620	1,000000
0,730656	1,000000
0,732356	1,000000
0,733648	1,000000
0,733849	1,000000
0,735029	1,000000
0,736338	1,000000
0,737564	1,000000
0,738432	1,000000
0,739487	1,000000
0,740174	1,000000
0,740997	1,000000
0,741794	1,000000
0,743128	1,000000
0,743576	1,000000
0,744989	1,000000
0,745548	1,000000
0,747125	1,000000
0,748258	1,000000
0,748711	1,000000
0,749925	1,000000
0,751443	1,000000
0,752059	1,000000
0,753397	1,000000
0,754124	1,000000
0,755386	1,000000
0,756701	1,000000
0,756475	1,000000
0,758290	1,000000
0,758898	1,000000
0,760665	1,000000
0,761856	1,000000
0,763039	1,000000
0,762775	1,000000
0,763883	1,000000
0,766462	1,000000
0,766488	1,000000
0,766788	1,000000
0,768168	1,000000
0,768774	1,000000
0,769638	1,000000
0,771576	1,000000
0,772162	1,000000
0,773917	1,000000
0,773343	1,000000
0,774606	1,000000
0,775216	1,000000
0,776897	1,000000
0,778267	1,000000
0,778953	1,000000
0,779970	1,000000
0,780131	1,000000
0,780974	1,000000
0,782400	1,000000
0,783929	1,000000
0,785100	1,000000
0,785888	1,000000
0,787102	1,000000
0,787599	1,000000
0,789012	1,000000
0,790097	1,000000
0,791166	1,000000
0,792550	1,000000
0,792865	1,000000
0,794122	1,000000
0,796052	1,000000
0,795964	1,000000
0,796596	1,000000
0,797850	1,000000
0,799231	1,000000
0,800609	1,000000
0,801717	1,000000
0,802364	1,000000
0,802328	1,000000
0,803801	1,000000
0,805523	1,000000
0,806261	1,000000
0,806727	1,000000
0,807972	1,000000
0,809259	1,000000
0,810183	1,000000
0,811285	1,000000
0,812137	1,000000
0,813500	1,000000
0,813756	1,000000
0,815079	1,000000
0,816491	1,000000
0,817554	1,000000
0,818656	1,000000
0,818438	1,000000
0,820033	1,000000
0,820707	1,000000
0,822091	1,000000
0,822845	1,000000
0,823744	1,000000
0,824648	1,000000
0,826167	1,000000
0,827467	1,000000
0,827734	1,000000
0,828813	1,000000
0,829526	1,000000
0,831141	1,000000
0,831838	1,000000
0,833346	1,000000
0,833963	1,000000
0,835072	1,000000
0,835810	1,000000
0,837380	1,000000
0,837493	1,000000
0,839051	1,000000
0,840191	1,000000
0,841206	1,000000
0,841347	1,000000
0,842959	1,000000
0,843690	1,000000
0,844969	1,000000
0,845615	1,000000
0,847583	1,000000
0,848485	1,000000
0,849010	1,000000
0,850335	1,000000
0,850767	1,000000
0,851519	1,000000
0,852784	1,000000
0,854279	1,000000
0,854157	1,000000
0,856331	1,000000
0,857552	1,000000
0,858064	1,000000
0,859114	1,000000
0,860353	1,000000
0,860671	1,000000
0,862181	1,000000
0,863416	1,000000
0,863986	1,000000
0,864795	1,000000
0,865861	1,000000
0,866962	1,000000
0,867423	1,000000
0,869263	1,000000
0,869989	1,000000
0,870833	1,000000
0,872237	1,000000
0,872532	1,000000
0,873833	1,000000
0,874240	1,000000
0,876106	1,000000
0,877075	1,000000
0,878356	1,000000
0,878653	1,000000
0,879807	1,000000
0,880942	1,000000
0,882133	1,000000
0,882782	1,000000
0,883717	1,000000
0,884941	1,000000
0,886016	1,000000
0,887201	1,000000
0,888480	1,000000
0,888778	1,000000
0,890496	1,000000
0,890528	1,000000
0,891865	1,000000
0,892999	1,000000
0,894013	1,000000
0,894942	1,000000
0,895966	1,000000
0,896548	1,000000
0,898236	1,000000
0,898905	1,000000
0,899726	1,000000
0,901133	1,000000
0,902328	1,000000
0,902529	1,000000
0,903664	1,000000
0,905358	1,000000
0,905818	1,000000
0,906665	1,000000
0,908072	1,000000
0,908497	1,000000
0,909853	1,000000
0,910557	1,000000
0,912228	1,000000
0,912736	1,000000
0,913317	1,000000
0,915132	1,000000
0,915970	1,000000
0,916696	1,000000
0,917645	1,000000
0,919129	1,000000
0,920029	1,000000
0,921045	1,000000
0,922293	1,000000
0,923034	1,000000
0,923896	1,000000
0,924756	1,000000
0,926334	1,000000
0,927562	1,000000
0,927806	1,000000
0,928907	1,000000
0,929848	1,000000
0,931077	1,000000
0,932073	1,000000
0,933119	1,000000
0,934013	1,000000
0,934776	1,000000
0,936051	1,000000
0,937153	1,000000
0,938220	1,000000
0,939120	1,000000
0,940007	1,000000
0,941021	1,000000
0,941998	1,000000
0,942788	1,000000
0,944194	1,000000
0,945119	1,000000
0,946064	1,000000
0,946973	1,000000
0,947927	1,000000
0,948725	1,000000
0,950157	1,000000
0,950900	1,000000
0,951757	1,000000
0,952862	1,000000
0,954070	1,000000
0,955190	1,000000
0,956070	1,000000
0,956701	1,000000
0,957766	1,000000
0,959110	1,000000
0,959874	1,000000
0,960737	1,000000
0,961914	1,000000
0,962690	1,000000
0,963945	1,000000
0,965063	1,000000
0,965881	1,000000
0,967099	1,000000
0,967756	1,000000
0,968991	1,000000
0,970096	1,000000
0,971031	1,000000
0,972284	1,000000
0,972942	1,000000
0,974049	1,000000
0,975145	1,000000
0,976184	1,000000
0,977092	1,000000
0,978126	1,000000
0,979016	1,000000
0,980152	1,000000
0,981059	1,000000
0,982011	1,000000
0,982904	1,000000
0,984077	1,000000
0,984886	1,000000
0,986086	1,000000
0,987267	1,000000
0,988082	1,000000
0,988853	1,000000
0,990050	1,000000
0,990879	1,000000
0,991952	1,000000
0,992970	1,000000
0,993928	1,000000
0,994868	1,000000
0,996062	1,000000
0,997079	1,000000
0,998115	1,000000
0,999022	1,000000
1,000000	1,000000
