Концентрация	Вероятность
0,500181	0,000000
0,501137	0,000000
0,501977	0,000000
0,503297	0,000000
0,503907	0,000000
0,505016	0,000000
0,506121	0,000000
0,507202	0,000000
0,508001	0,000000
0,508997	0,000000
0,509953	0,000000
0,511121	0,000000
0,512114	0,000000
0,512851	0,000000
0,513945	0,000000
0,514680	0,000000
0,515867	0,000000
0,516905	0,000000
0,517804	0,000000
0,518752	0,000000
0,520002	0,000000
0,520871	0,000000
0,521886	0,000000
0,522981	0,000000
0,524026	0,000000
0,524932	0,000000
0,525944	0,000000
0,526918	0,000000
0,528012	0,000000
0,529001	0,000000
0,529985	0,000000
0,530954	0,000000
0,532001	0,000000
0,533048	0,000000
0,534052	0,000000
0,535095	0,000000
0,535987	0,000000
0,536886	0,000000
0,537920	0,000000
0,539037	0,000000
0,539937	0,000000
0,540876	0,000000
0,542177	0,000000
0,543017	0,000000
0,544105	0,000000
0,545116	0,000000
0,545983	0,000000
0,546805	0,000000
0,548071	0,000000
0,548867	0,000000
0,549953	0,000000
0,551027	0,000000
0,552240	0,000000
0,553127	0,000000
0,554072	0,000000
0,554907	0,000000
0,556047	0,000000
0,556967	0,000000
0,558076	0,000000
0,558882	0,000000
0,560065	0,000000
0,561124	0,000000
0,561837	0,000000
0,563041	0,000000
0,564050	0,000000
0,565008	0,000000
0,566096	0,000000
0,567005	0,000000
0,568142	0,000000
0,569042	0,000000
0,569902	0,000000
0,570869	0,000000
0,572116	0,000000
0,573050	0,000000
0,574062	0,000000
0,574833	0,000000
0,576029	0,000000
0,577036	0,000000
0,577972	0,000000
0,578855	0,012500
0,580030	0,012500
0,581129	0,000000
0,582147	0,012500
0,582850	0,050000
0,584096	0,025000
0,585168	0,100000
0,586113	0,025000
0,587001	0,112500
0,588128	0,187500
0,588922	0,200000
0,589882	0,287500
0,591038	0,350000
0,591945	0,462500
0,593064	0,612500
0,594059	0,662500
0,594932	0,562500
0,596080	0,825000
0,597054	0,800000
0,598029	0,887500
0,598645	0,900000
0,600144	0,962500
0,600771	0,962500
0,602032	0,950000
0,603087	0,962500
0,604080	0,987500
0,604895	1,000000
0,605968	0,987500
0,607054	1,000000
0,607986	1,000000
0,609002	1,000000
0,609953	1,000000
0,611277	1,000000
0,611851	1,000000
0,612901	1,000000
0,614189	1,000000
0,615086	1,000000
0,615883	1,000000
0,616942	1,000000
0,617912	1,000000
0,619032	1,000000
0,619925	1,000000
0,621025	1,000000
0,622126	1,000000
0,622965	1,000000
0,623935	1,000000
0,625016	1,000000
0,626099	1,000000
0,626862	1,000000
0,628158	1,000000
0,628787	1,000000
0,630001	1,000000
0,631013	1,000000
0,631999	1,000000
0,632950	1,000000
0,634097	1,000000
0,635024	1,000000
0,635998	1,000000
0,636986	1,000000
0,638141	1,000000
0,639120	1,000000
0,640042	1,000000
0,641006	1,000000
0,642129	1,000000
0,642996	1,000000
0,644133	1,000000
0,645005	1,000000
0,645961	1,000000
0,647026	1,000000
0,647904	1,000000
0,649148	1,000000
0,650213	1,000000
0,650884	1,000000
0,652061	1,000000
0,653002	1,000000
0,653994	1,000000
0,655116	1,000000
0,656185	1,000000
0,657209	1,000000
0,658063	1,000000
0,658947	1,000000
0,659978	1,000000
0,660889	1,000000
0,662047	1,000000
0,662882	1,000000
0,663972	1,000000
0,665012	1,000000
0,665998	1,000000
0,666996	1,000000
0,667920	1,000000
0,669004	1,000000
0,670146	1,000000
0,671012	1,000000
0,671789	1,000000
0,672999	1,000000
0,674048	1,000000
0,674900	1,000000
0,676186	1,000000
0,677036	1,000000
0,678041	1,000000
0,678819	1,000000
0,679996	1,000000
0,681154	1,000000
0,682059	1,000000
0,683043	1,000000
0,683869	1,000000
0,685122	1,000000
0,685905	1,000000
0,687059	1,000000
0,688080	1,000000
0,688876	1,000000
0,690108	1,000000
0,691043	1,000000
0,692067	1,000000
0,693220	1,000000
0,693970	1,000000
0,695013	1,000000
0,696008	1,000000
0,696957	1,000000
0,698131	1,000000
0,699051	1,000000
0,700128	1,000000
0,701106	1,000000
0,702099	1,000000
0,703033	1,000000
0,704210	1,000000
0,705100	1,000000
0,705917	1,000000
0,707099	1,000000
0,707998	1,000000
0,708901	1,000000
0,709929	1,000000
0,710864	1,000000
0,712070	1,000000
0,713014	1,000000
0,713933	1,000000
0,715124	1,000000
0,715878	1,000000
0,717093	1,000000
0,717837	1,000000
0,718936	1,000000
0,719798	1,000000
0,720815	1,000000
0,721838	1,000000
0,722893	1,000000
0,723868	1,000000
0,725070	1,000000
0,726027	1,000000
0,727054	1,000000
0,728040	1,000000
0,729079	1,000000
0,730192	1,000000
0,730955	1,000000
0,731846	1,000000
0,732978	1,000000
0,733990	1,000000
0,734957	1,000000
0,735943	1,000000
0,736841	1,000000
0,738060	1,000000
0,738951	1,000000
0,739926	1,000000
0,741044	1,000000
0,741976	1,000000
0,742991	1,000000
0,743922	1,000000
0,744965	1,000000
0,746027	1,000000
0,747006	1,000000
0,748000	1,000000
0,749045	1,000000
0,749937	1,000000
0,751015	1,000000
0,751875	1,000000
0,752962	1,000000
0,753985	1,000000
0,755059	1,000000
0,755936	1,000000
0,756881	1,000000
0,757893	1,000000
0,758980	1,000000
0,760066	1,000000
0,761094	1,000000
0,762018	1,000000
0,763119	1,000000
0,764030	1,000000
0,765062	1,000000
0,765980	1,000000
0,766937	1,000000
0,768127	1,000000
0,768914	1,000000
0,769949	1,000000
0,771018	1,000000
0,771928	1,000000
0,773095	1,000000
0,774014	1,000000
0,774839	1,000000
0,776063	1,000000
0,777066	1,000000
0,777946	1,000000
0,779119	1,000000
0,779967	1,000000
0,780838	1,000000
0,781975	1,000000
0,782994	1,000000
0,784058	1,000000
0,785080	1,000000
0,785873	1,000000
0,787074	1,000000
0,787940	1,000000
0,789005	1,000000
0,790068	1,000000
0,791071	1,000000
0,792080	1,000000
0,793044	1,000000
0,794036	1,000000
0,795158	1,000000
0,795977	1,000000
0,796902	1,000000
0,798067	1,000000
0,798911	1,000000
0,800082	1,000000
0,801028	1,000000
0,801996	1,000000
0,802950	1,000000
0,803798	1,000000
0,805136	1,000000
0,805883	1,000000
0,807002	1,000000
0,808032	1,000000
0,809197	1,000000
0,809874	1,000000
0,810810	1,000000
0,812025	1,000000
0,812864	1,000000
0,813943	1,000000
0,814982	1,000000
0,815996	1,000000
0,816898	1,000000
0,817934	1,000000
0,818888	1,000000
0,820006	1,000000
0,820981	1,000000
0,822059	1,000000
0,822972	1,000000
0,823795	1,000000
0,825015	1,000000
0,825950	1,000000
0,826923	1,000000
0,827922	1,000000
0,829054	1,000000
0,829918	1,000000
0,830980	1,000000
0,831994	1,000000
0,832769	1,000000
0,834050	1,000000
0,835093	1,000000
0,835919	1,000000
0,837036	1,000000
0,837921	1,000000
0,839143	1,000000
0,839982	1,000000
0,841080	1,000000
0,841952	1,000000
0,843066	1,000000
0,843941	1,000000
0,844954	1,000000
0,846135	1,000000
0,846920	1,000000
0,848079	1,000000
0,848982	1,000000
0,850088	1,000000
0,850958	1,000000
0,851895	1,000000
0,852967	1,000000
0,853924	1,000000
0,854992	1,000000
0,855968	1,000000
0,857052	1,000000
0,857984	1,000000
0,859069	1,000000
0,860038	1,000000
0,861076	1,000000
0,862089	1,000000
0,863041	1,000000
0,863988	1,000000
0,865102	1,000000
0,866027	1,000000
0,866905	1,000000
0,867894	1,000000
0,869004	1,000000
0,869929	1,000000
0,871000	1,000000
0,872002	1,000000
0,873075	1,000000
0,874044	1,000000
0,874993	1,000000
0,876011	1,000000
0,876930	1,000000
0,877976	1,000000
0,879034	1,000000
0,879870	1,000000
0,880965	1,000000
0,881968	1,000000
0,883075	1,000000
0,884080	1,000000
0,885057	1,000000
0,885943	1,000000
0,887029	1,000000
0,887932	1,000000
0,889060	1,000000
0,889976	1,000000
0,891017	1,000000
0,892043	1,000000
0,892974	1,000000
0,893992	1,000000
0,895049	1,000000
0,896014	1,000000
0,896983	1,000000
0,897916	1,000000
0,898934	1,000000
0,899913	1,000000
0,901036	1,000000
0,902152	1,000000
0,902963	1,000000
0,904142	1,000000
0,904890	1,000000
0,906012	1,000000
0,907065	1,000000
0,907838	1,000000
0,909066	1,000000
0,909950	1,000000
0,910965	1,000000
0,911978	1,000000
0,913082	1,000000
0,914001	1,000000
0,914922	1,000000
0,916058	1,000000
0,916894	1,000000
0,918027	1,000000
0,918955	1,000000
0,919961	1,000000
0,921065	1,000000
0,921994	1,000000
0,922983	1,000000
0,924018	1,000000
0,925088	1,000000
0,925938	1,000000
0,927012	1,000000
0,927990	1,000000
0,929029	1,000000
0,930063	1,000000
0,931079	1,000000
0,931900	1,000000
0,933111	1,000000
0,934101	1,000000
0,935038	1,000000
0,935991	1,000000
0,936975	1,000000
0,937989	1,000000
0,939048	1,000000
0,939878	1,000000
0,940978	1,000000
0,942039	1,000000
0,942932	1,000000
0,944014	1,000000
0,945045	1,000000
0,946050	1,000000
0,947074	1,000000
0,948054	1,000000
0,948982	1,000000
0,949960	1,000000
0,951108	1,000000
0,951986	1,000000
0,952997	1,000000
0,954029	1,000000
0,955046	1,000000
0,955968	1,000000
0,957081	1,000000
0,957943	1,000000
0,958949	1,000000
0,959945	1,000000
0,960957	1,000000
0,962015	1,000000
0,963051	1,000000
0,963950	1,000000
0,965006	1,000000
0,966093	1,000000
0,967047	1,000000
0,967919	1,000000
0,969002	1,000000
0,970073	1,000000
0,970982	1,000000
0,971986	1,000000
0,973025	1,000000
0,973940	1,000000
0,975035	1,000000
0,975994	1,000000
0,977012	1,000000
0,978048	1,000000
0,979052	1,000000
0,980062	1,000000
0,980964	1,000000
0,982021	1,000000
0,983024	1,000000
0,984043	1,000000
0,985005	1,000000
0,986033	1,000000
0,986967	1,000000
0,987983	1,000000
0,989007	1,000000
0,990022	1,000000
0,990997	1,000000
0,992014	1,000000
0,992971	1,000000
0,993972	1,000000
0,995004	1,000000
0,995984	1,000000
0,996995	1,000000
0,997998	1,000000
0,998995	1,000000
1,000000	1,000000
