p	 S	 P
0,000000	0,000000	0,000000
0,001150	0,360000	0,000000
0,001675	0,500000	0,000000
0,003025	0,720000	0,000000
0,004725	0,834000	0,000000
0,005175	0,900190	0,000000
0,006525	0,953000	0,000000
0,007175	0,961381	0,000000
0,007500	0,962000	0,000000
0,009025	0,997881	0,000000
0,009475	1,026524	0,000000
0,010625	0,999079	0,000000
0,011950	1,024064	0,000000
0,012775	1,031270	0,000000
0,014275	1,036047	0,000000
0,015950	1,048334	0,000000
0,016525	1,050598	0,000000
0,017250	1,043103	0,000000
0,018500	1,051945	0,000000
0,019325	1,092230	0,000000
0,021025	1,072590	0,000000
0,021050	1,062554	0,000000
0,022700	1,098310	0,000000
0,023775	1,092869	0,000000
0,025075	1,085390	0,000000
0,025475	1,091193	0,000000
0,025875	1,057195	0,000000
0,027150	1,114669	0,000000
0,028125	1,095676	0,000000
0,028025	1,087591	0,000000
0,028800	1,122315	0,000000
0,032325	1,120138	0,000000
0,032200	1,126465	0,000000
0,033000	1,142411	0,000000
0,034825	1,137061	0,000000
0,035875	1,148120	0,000000
0,035325	1,125786	0,000000
0,036950	1,147386	0,000000
0,038500	1,151537	0,000000
0,039650	1,141526	0,000000
0,041000	1,190045	0,000000
0,041450	1,163522	0,000000
0,040450	1,151569	0,000000
0,043500	1,159345	0,000000
0,044950	1,217843	0,000000
0,046450	1,214472	0,000000
0,046200	1,155233	0,000000
0,047275	1,194130	0,000000
0,047300	1,190208	0,000000
0,050300	1,201025	0,000000
0,047975	1,186124	0,000000
0,051700	1,224799	0,000000
0,050575	1,240028	0,000000
0,052425	1,212978	0,000000
0,054250	1,236883	0,000000
0,056750	1,233210	0,000000
0,057350	1,266144	0,000000
0,057775	1,232541	0,000000
0,058125	1,271463	0,000000
0,060400	1,253977	0,000000
0,059700	1,261492	0,000000
0,060875	1,260396	0,000000
0,060950	1,291906	0,000000
0,065725	1,297422	0,000000
0,065225	1,281457	0,000000
0,065425	1,306580	0,000000
0,067100	1,319861	0,000000
0,066450	1,290745	0,000000
0,068075	1,289394	0,000000
0,071100	1,297924	0,000000
0,069875	1,289943	0,000000
0,070875	1,313089	0,000000
0,071000	1,300622	0,000000
0,075700	1,353140	0,000000
0,073100	1,312107	0,000000
0,076725	1,334184	0,000000
0,072150	1,321387	0,000000
0,077250	1,350852	0,000000
0,075900	1,377595	0,000000
0,078400	1,365405	0,000000
0,080450	1,349162	0,000000
0,080000	1,410413	0,000000
0,083875	1,383492	0,000000
0,086600	1,399497	0,000000
0,084625	1,433761	0,000000
0,083825	1,340169	0,000000
0,086550	1,413946	0,000000
0,084800	1,374267	0,000000
0,087950	1,442636	0,000000
0,087650	1,421959	0,000000
0,088675	1,408852	0,000000
0,090550	1,421383	0,000000
0,091600	1,435699	0,000000
0,094900	1,502323	0,000000
0,095775	1,453290	0,000000
0,092375	1,428940	0,000000
0,093775	1,432500	0,000000
0,097575	1,505825	0,000000
0,097850	1,457888	0,000000
0,098275	1,478247	0,000000
0,100675	1,484058	0,000000
0,100175	1,549877	0,000000
0,101575	1,478824	0,000000
0,102275	1,515376	0,000000
0,100650	1,501391	0,000000
0,105450	1,546199	0,000000
0,107325	1,550201	0,000000
0,105500	1,500948	0,000000
0,107275	1,578533	0,000000
0,111475	1,599412	0,000000
0,110400	1,574219	0,000000
0,110075	1,572494	0,000000
0,113475	1,662369	0,000000
0,112800	1,588188	0,000000
0,111900	1,585176	0,000000
0,115850	1,625188	0,000000
0,115775	1,582561	0,000000
0,116825	1,600210	0,000000
0,116325	1,597730	0,000000
0,120050	1,707077	0,000000
0,120475	1,664566	0,000000
0,123200	1,663033	0,000000
0,121600	1,669636	0,000000
0,121200	1,613817	0,000000
0,124100	1,633186	0,000000
0,125575	1,669337	0,000000
0,126450	1,693443	0,000000
0,127900	1,715635	0,000000
0,128475	1,717963	0,000000
0,127975	1,705512	0,000000
0,130900	1,699960	0,000000
0,131825	1,732143	0,000000
0,131250	1,719430	0,000000
0,137275	1,760413	0,000000
0,132625	1,711546	0,000000
0,134275	1,732974	0,000000
0,136250	1,781719	0,000000
0,139925	1,816494	0,000000
0,140350	1,860106	0,000000
0,137525	1,779652	0,000000
0,138750	1,757353	0,000000
0,143175	1,858098	0,000000
0,143625	1,840562	0,000000
0,144125	1,877405	0,000000
0,143175	1,829331	0,000000
0,144025	1,825203	0,000000
0,146350	1,813889	0,000000
0,146450	1,920626	0,000000
0,145550	1,817391	0,000000
0,151900	1,932458	0,000000
0,148575	1,849569	0,000000
0,151675	1,880335	0,000000
0,151175	1,814681	0,000000
0,150150	1,871525	0,000000
0,153175	1,863850	0,000000
0,156075	1,939050	0,000000
0,157575	1,944054	0,000000
0,159050	1,958446	0,000000
0,155175	1,969060	0,000000
0,160750	1,979930	0,000000
0,160650	1,959072	0,000000
0,157300	1,970286	0,000000
0,163475	1,996110	0,000000
0,163900	1,957943	0,000000
0,167700	2,065215	0,000000
0,168825	2,091834	0,000000
0,167025	2,082324	0,000000
0,162975	2,036618	0,000000
0,168825	2,044830	0,000000
0,168725	2,046912	0,000000
0,168150	2,070848	0,000000
0,171975	2,088555	0,000000
0,171425	2,094772	0,000000
0,172675	2,072272	0,000000
0,173850	2,115657	0,000000
0,174100	2,078469	0,000000
0,176425	2,216646	0,000000
0,176825	2,194131	0,000000
0,178525	2,267758	0,000000
0,182050	2,207133	0,000000
0,178850	2,198969	0,000000
0,181900	2,237465	0,000000
0,180650	2,199278	0,000000
0,179775	2,264863	0,000000
0,184000	2,268781	0,000000
0,185100	2,299489	0,000000
0,183300	2,261057	0,000000
0,187025	2,219243	0,000000
0,188650	2,232896	0,000000
0,189975	2,334167	0,000000
0,190275	2,404102	0,000000
0,192450	2,468130	0,000000
0,189350	2,322152	0,000000
0,195650	2,375507	0,000000
0,192200	2,425817	0,000000
0,193150	2,310190	0,000000
0,195325	2,372927	0,000000
0,196175	2,396390	0,000000
0,197000	2,383214	0,000000
0,194975	2,443235	0,000000
0,200975	2,463225	0,000000
0,201825	2,426399	0,000000
0,200975	2,492709	0,000000
0,204850	2,469574	0,000000
0,202500	2,496178	0,000000
0,206000	2,559152	0,000000
0,205925	2,568466	0,000000
0,207000	2,454146	0,000000
0,202875	2,488931	0,000000
0,212725	2,648737	0,000000
0,210850	2,691050	0,000000
0,211800	2,555035	0,000000
0,212150	2,634678	0,000000
0,215750	2,595708	0,000000
0,213400	2,598207	0,000000
0,215250	2,669296	0,000000
0,213175	2,580166	0,000000
0,218575	2,800041	0,000000
0,219375	2,731868	0,000000
0,222850	2,735187	0,000000
0,223300	2,764885	0,000000
0,220350	2,673816	0,000000
0,227000	2,796806	0,000000
0,216000	2,700602	0,000000
0,221500	2,869710	0,000000
0,228075	2,814687	0,000000
0,225125	2,869614	0,000000
0,227700	2,833112	0,000000
0,226475	2,860503	0,000000
0,225325	2,747049	0,000000
0,228925	2,984270	0,000000
0,233150	2,971285	0,000000
0,232150	2,881827	0,000000
0,232525	2,873602	0,000000
0,232850	2,909514	0,000000
0,235100	3,042557	0,000000
0,238225	2,953060	0,000000
0,236325	2,998350	0,000000
0,238975	2,968693	0,000000
0,237075	2,974838	0,000000
0,240275	3,104592	0,000000
0,242975	3,161402	0,000000
0,244700	3,152067	0,000000
0,242325	2,973421	0,000000
0,241650	3,068912	0,000000
0,241075	3,069016	0,000000
0,249400	3,197454	0,000000
0,246975	3,217266	0,000000
0,249700	3,134854	0,000000
0,249650	3,153799	0,000000
0,248725	3,165463	0,000000
0,250275	3,347723	0,000000
0,254675	3,347225	0,000000
0,256775	3,320922	0,000000
0,254950	3,258321	0,000000
0,254550	3,251099	0,000000
0,256925	3,338327	0,000000
0,255450	3,432892	0,000000
0,259175	3,363271	0,000000
0,261825	3,503166	0,000000
0,258700	3,304838	0,000000
0,260550	3,244228	0,000000
0,263250	3,546600	0,000000
0,259950	3,485575	0,000000
0,266575	3,502656	0,000000
0,264900	3,453540	0,000000
0,264300	3,583656	0,000000
0,269425	3,730341	0,000000
0,267050	3,685364	0,000000
0,270500	3,655744	0,000000
0,269575	3,581381	0,000000
0,270675	3,480558	0,000000
0,268025	3,486605	0,000000
0,273775	3,659016	0,000000
0,275450	3,808265	0,000000
0,274800	3,666423	0,000000
0,279625	3,791787	0,000000
0,275825	3,642660	0,000000
0,276550	3,900040	0,000000
0,277825	3,768477	0,000000
0,281500	3,942198	0,000000
0,279725	3,971407	0,000000
0,284300	3,977776	0,000000
0,282500	4,065296	0,000000
0,285725	3,963801	0,000000
0,283825	3,919133	0,000000
0,283675	3,820018	0,000000
0,286500	4,068876	0,000000
0,287450	4,040132	0,000000
0,289125	4,022166	0,000000
0,291625	4,255142	0,000000
0,289375	3,908933	0,000000
0,292350	4,272077	0,000000
0,292100	4,177530	0,000000
0,295900	4,406781	0,000000
0,296675	4,362652	0,000000
0,296950	4,204635	0,000000
0,294375	4,360166	0,000000
0,297975	4,341623	0,000000
0,303300	4,485810	0,000000
0,297400	4,286929	0,000000
0,302000	4,438242	0,000000
0,302875	4,509905	0,000000
0,304300	4,558417	0,000000
0,302350	4,331278	0,000000
0,305600	4,533819	0,000000
0,304425	4,551139	0,000000
0,307575	4,618109	0,000000
0,304800	4,386608	0,000000
0,313975	4,611294	0,000000
0,309800	4,689043	0,000000
0,312275	4,680565	0,000000
0,311125	4,547883	0,000000
0,313500	4,736206	0,000000
0,313700	4,693799	0,000000
0,312900	4,903921	0,000000
0,317225	5,079964	0,000000
0,316250	5,038040	0,000000
0,317475	5,070954	0,000000
0,316575	5,031065	0,000000
0,316950	5,100044	0,000000
0,325050	4,870153	0,000000
0,320300	5,043383	0,000000
0,321975	5,043995	0,000000
0,321650	5,108414	0,000000
0,326150	5,343674	0,000000
0,325700	5,089470	0,000000
0,328475	5,344481	0,000000
0,326550	5,250640	0,000000
0,324150	5,289940	0,000000
0,329525	5,322278	0,000000
0,328775	5,345882	0,000000
0,331200	5,622944	0,000000
0,334925	5,470473	0,000000
0,334475	5,669935	0,000000
0,335300	5,678105	0,000000
0,334900	5,908295	0,000000
0,331200	5,355728	0,000000
0,341850	5,677854	0,000000
0,335250	5,462865	0,000000
0,339400	5,864213	0,000000
0,340225	5,648046	0,000000
0,341550	5,864773	0,000000
0,343500	6,122315	0,000000
0,345750	6,077098	0,000000
0,346000	6,135296	0,000000
0,347175	6,300979	0,000000
0,349550	6,202619	0,000000
0,347500	5,899034	0,000000
0,345525	5,881171	0,000000
0,353700	6,314633	0,000000
0,349750	6,381266	0,000000
0,353450	6,662931	0,000000
0,355725	6,283862	0,000000
0,352300	6,350812	0,000000
0,356250	6,434313	0,000000
0,357500	6,479888	0,000000
0,363700	6,629294	0,000000
0,359225	6,586030	0,000000
0,362025	7,106242	0,000000
0,360575	6,327247	0,000000
0,359675	6,646066	0,000000
0,365025	7,105591	0,000000
0,364050	7,312721	0,000000
0,361900	7,094164	0,000000
0,362600	6,957108	0,000000
0,362650	6,579147	0,000000
0,367325	7,370142	0,000000
0,368875	7,103735	0,000000
0,370975	7,494325	0,000000
0,373150	7,375177	0,000000
0,370525	7,069918	0,000000
0,372650	7,558476	0,000000
0,373275	7,712629	0,000000
0,374375	7,882096	0,000000
0,373850	7,222562	0,000000
0,373575	7,412378	0,000000
0,375150	7,483602	0,000000
0,377625	7,670448	0,000000
0,381600	8,363331	0,000000
0,384075	7,817060	0,000000
0,379825	7,523643	0,000000
0,383575	8,499821	0,000000
0,382175	8,488155	0,000000
0,391900	8,649521	0,000000
0,381475	7,530193	0,000000
0,388150	8,526647	0,000000
0,386925	8,718704	0,000000
0,387075	8,718206	0,000000
0,390075	8,289051	0,000000
0,391825	8,727843	0,001450
0,392500	8,627120	0,000000
0,391550	8,778936	0,000000
0,391350	8,892831	0,000000
0,392775	8,718076	0,000000
0,403900	9,696416	0,000000
0,396025	8,940182	0,000000
0,391175	8,983793	0,000000
0,402900	9,516797	0,000000
0,395025	9,285035	0,000000
0,399850	8,554479	0,000000
0,404750	9,581707	0,000000
0,398400	9,304546	0,000000
0,402250	9,587332	0,000000
0,404750	9,748117	0,000000
0,401500	9,372207	0,000000
0,405600	10,092096	0,000000
0,406050	9,993550	0,000000
0,407425	9,810223	0,002125
0,405900	9,810748	0,001525
0,413400	10,743401	0,002150
0,412950	10,800860	0,000000
0,411050	10,412152	0,000000
0,413275	10,427740	0,001075
0,412700	10,682840	0,001750
0,411250	10,255934	0,000000
0,417900	10,944443	0,000000
0,417375	11,186342	0,000000
0,416100	10,954416	0,000000
0,415875	10,260121	0,000000
0,419475	11,153268	0,000000
0,421900	11,417141	0,000000
0,418350	11,185465	0,000000
0,424475	11,072506	0,000000
0,423925	11,349917	0,000000
0,426000	11,553769	0,000000
0,429025	13,241744	0,001675
0,424125	11,286239	0,000000
0,428275	12,407783	0,000000
0,430175	12,318634	0,000000
0,433500	13,094821	0,001725
0,429400	12,078094	0,001625
0,435600	13,486143	0,002600
0,431875	12,572950	0,000000
0,434125	12,579708	0,000000
0,436325	13,085172	0,000000
0,435025	14,047729	0,000000
0,437125	12,918386	0,000000
0,437850	13,197506	0,000000
0,441875	13,818605	0,003100
0,440025	12,355461	0,000000
0,444550	14,389802	0,001800
0,443475	14,329577	0,001875
0,439850	13,528800	0,000950
0,448050	15,003249	0,000000
0,444850	14,676391	0,002000
0,447475	15,254120	0,002225
0,449100	15,422497	0,002250
0,451725	15,586342	0,000000
0,449725	15,804799	0,002175
0,450175	14,677428	0,002325
0,449825	16,495297	0,001325
0,453275	15,735097	0,005700
0,455000	16,299483	0,003450
0,455825	15,927608	0,003325
0,457025	15,751108	0,004175
0,461025	15,355330	0,003875
0,461400	16,140565	0,002125
0,455100	15,639411	0,000000
0,461275	16,018869	0,005550
0,464750	17,303036	0,001725
0,463625	16,909911	0,009050
0,458725	15,375799	0,005500
0,465600	17,605280	0,002400
0,461350	15,733651	0,012700
0,464250	17,021067	0,011325
0,464625	17,851584	0,006675
0,463825	16,800024	0,003600
0,474450	18,176978	0,012800
0,468575	18,664083	0,005725
0,471650	19,657186	0,006725
0,468650	17,751348	0,007075
0,477850	19,294127	0,009975
0,475750	19,193576	0,006700
0,474225	19,960510	0,005575
0,476150	19,248938	0,009425
0,481500	20,537957	0,018250
0,476350	19,419793	0,017950
0,479525	21,178110	0,004625
0,478950	20,733806	0,012700
0,477525	19,389422	0,014975
0,480475	19,583048	0,009700
0,479475	20,491577	0,007350
0,478975	20,113768	0,017250
0,484000	21,983641	0,010150
0,487775	21,845951	0,011075
0,483650	20,556229	0,008775
0,485625	21,681650	0,013275
0,487400	22,082598	0,009600
0,488975	21,850852	0,009500
0,492000	21,505807	0,013375
0,489925	20,563125	0,017900
0,492300	22,351433	0,018350
0,495075	24,261048	0,002850
0,493300	22,572744	0,014800
0,495350	23,147495	0,019050
0,501050	24,938120	0,016825
0,497750	23,187508	0,015875
0,497400	23,802770	0,016200
0,500550	22,969188	0,026875
0,497000	22,846723	0,016550
0,501775	25,367095	0,036575
0,503025	24,716637	0,020400
0,499725	23,868857	0,017450
0,505975	27,135673	0,022875
0,507600	26,838297	0,025950
0,506650	27,219956	0,018025
0,505225	24,215363	0,021475
0,502525	24,961409	0,029500
0,508750	25,268040	0,026300
0,512600	25,272965	0,031525
0,508000	26,712367	0,014150
0,512950	25,895699	0,045325
0,513150	25,920373	0,044275
0,513025	24,997374	0,038225
0,516850	28,474260	0,022800
0,514150	26,753381	0,035725
0,515425	28,899817	0,029475
0,518825	28,459026	0,047300
0,518350	27,797269	0,035175
0,518800	28,166214	0,043350
0,520725	28,718223	0,044325
0,525575	28,823841	0,049825
0,522775	27,497177	0,028000
0,526925	30,021892	0,058325
0,527375	28,516855	0,056600
0,524000	28,911633	0,047250
0,526750	28,986569	0,059050
0,524575	28,228347	0,043875
0,531775	27,667100	0,074325
0,527000	31,134376	0,045175
0,528550	30,515476	0,046725
0,531475	30,747398	0,048350
0,533425	28,340587	0,071225
0,539575	29,980951	0,087500
0,533025	32,789500	0,056175
0,537350	29,041470	0,081225
0,535000	29,998194	0,074775
0,536700	32,627842	0,064500
0,539225	29,828677	0,077525
0,538750	29,700882	0,098850
0,544375	29,494210	0,102725
0,541850	28,055944	0,094925
0,544850	34,365193	0,068725
0,544900	31,289064	0,094400
0,547400	30,052379	0,122900
0,542400	34,026461	0,083100
0,546275	31,526095	0,089900
0,551500	34,384959	0,107375
0,555000	35,237358	0,116075
0,545350	31,206460	0,084825
0,546850	31,549853	0,098450
0,552725	32,691983	0,115625
0,551375	31,284001	0,102000
0,550575	34,231359	0,102325
0,551475	33,237938	0,100275
0,557500	34,104939	0,118350
0,555350	32,833636	0,134400
0,556250	33,460920	0,118700
0,561425	35,946370	0,135600
0,561575	31,157091	0,164000
0,562200	31,558970	0,151725
0,565800	32,474402	0,154325
0,563000	35,123833	0,147175
0,563325	30,001607	0,181100
0,564150	29,307637	0,160050
0,566300	28,447799	0,192025
0,565000	33,030840	0,155950
0,566175	31,066848	0,178100
0,570375	37,117594	0,149025
0,570050	32,562235	0,166675
0,570125	32,400969	0,174325
0,574950	32,097066	0,200950
0,571350	32,254551	0,187425
0,574075	31,161124	0,191350
0,576475	32,389454	0,209350
0,580650	33,259752	0,207600
0,579725	27,905779	0,245900
0,576150	31,133130	0,216025
0,579400	30,654090	0,223550
0,578925	29,531768	0,209200
0,578675	32,633635	0,207800
0,581100	26,436020	0,242625
0,583600	28,269729	0,236125
0,584450	28,103277	0,252025
0,585075	34,226534	0,211800
0,585900	28,428223	0,266400
0,586075	30,903293	0,238250
0,586575	32,409707	0,240300
0,590225	32,276664	0,255700
0,587850	29,630117	0,254125
0,595775	33,847925	0,239125
0,592125	31,870842	0,246725
0,593600	36,052030	0,230375
0,590000	28,053138	0,263550
0,594000	28,397694	0,300925
0,595425	29,393828	0,296275
0,595725	27,875867	0,278075
0,596500	31,468640	0,272725
0,601550	29,162260	0,306750
0,596650	27,075938	0,300150
0,602675	24,161412	0,357875
0,602725	27,458620	0,321800
0,603675	27,106083	0,330875
0,603550	26,775177	0,325650
0,605625	29,967196	0,328450
0,605725	26,333772	0,334000
0,605450	27,310168	0,345875
0,607550	27,285677	0,333675
0,605475	29,238125	0,328725
0,610600	28,496453	0,337325
0,610500	26,248475	0,360300
0,615300	26,384954	0,359250
0,611425	23,503560	0,354275
0,608675	29,083621	0,333675
0,613350	27,773520	0,347575
0,619550	24,958654	0,392550
0,612450	30,767445	0,332925
0,615425	22,856902	0,390650
0,619975	25,421837	0,397275
0,620425	22,130333	0,419225
0,617475	26,773303	0,373025
0,620575	23,755556	0,396950
0,618950	28,631757	0,357100
0,622400	21,832474	0,429400
0,618850	22,251833	0,410325
0,622850	23,510154	0,408650
0,622875	24,599616	0,397950
0,627500	24,337481	0,406425
0,624450	21,596206	0,417375
0,626050	25,811711	0,412600
0,631875	22,614249	0,415725
0,629900	19,173455	0,451300
0,632225	23,116510	0,433000
0,635400	18,937397	0,469100
0,631675	21,306534	0,439100
0,634025	19,627087	0,459375
0,635550	20,168486	0,456000
0,634775	23,907584	0,443175
0,639050	19,373893	0,470875
0,638250	15,694836	0,500075
0,635900	22,147771	0,455050
0,641175	20,224830	0,471975
0,638700	22,131484	0,457125
0,646325	14,398105	0,517575
0,645800	16,420977	0,501875
0,644875	20,755485	0,490850
0,650300	18,395477	0,510350
0,645750	18,856948	0,494500
0,651550	14,603473	0,527750
0,650400	19,348046	0,501700
0,656025	18,380376	0,523225
0,653350	17,074453	0,513800
0,653850	17,744139	0,528175
0,655200	19,080202	0,521275
0,655375	18,499639	0,522975
0,655650	15,834198	0,528975
0,661600	14,497364	0,556500
0,663625	16,340377	0,555275
0,657550	16,297293	0,530150
0,659350	14,012869	0,553400
0,659200	15,110523	0,542350
0,665175	12,669445	0,575025
0,663875	13,474956	0,562075
0,661225	13,848788	0,555150
0,666975	15,455593	0,563725
0,664950	15,697779	0,559500
0,664300	13,917480	0,565725
0,668300	13,019790	0,564400
0,674300	12,441337	0,582625
0,668375	10,340038	0,588325
0,669500	12,706590	0,573625
0,673350	8,596719	0,610675
0,673750	11,699014	0,592450
0,679200	11,364282	0,602150
0,674975	9,385408	0,603125
0,677425	10,315556	0,608600
0,673400	12,213043	0,586050
0,680125	10,009957	0,609050
0,676525	11,395168	0,598675
0,676550	8,922668	0,611000
0,681775	10,215292	0,615200
0,681150	8,960535	0,619525
0,684050	10,077608	0,623825
0,678450	11,179804	0,599800
0,685600	9,415157	0,616100
0,690900	9,422337	0,626850
0,685725	10,798465	0,620625
0,691825	8,567023	0,635300
0,687350	9,548686	0,627875
0,690150	13,133575	0,609300
0,693650	6,159597	0,646800
0,689000	8,562372	0,631925
0,696075	11,400795	0,629225
0,691350	9,306615	0,628725
0,694725	7,396387	0,640925
0,694600	7,136772	0,644550
0,698525	6,929597	0,653500
0,696675	8,564718	0,648325
0,698975	7,395427	0,649100
0,699225	11,864749	0,634750
0,704075	9,015863	0,652000
0,703375	9,140948	0,654625
0,702600	4,933344	0,665675
0,703325	9,091651	0,648050
0,707250	6,324160	0,671125
0,706375	6,900251	0,662850
0,708325	7,137446	0,666175
0,707525	7,116310	0,664950
0,706175	6,807934	0,669650
0,711900	4,917179	0,679050
0,712025	6,033734	0,676375
0,712475	5,297566	0,679025
0,715900	6,662808	0,678600
0,710975	7,117603	0,669975
0,713825	5,592805	0,679700
0,715675	5,657205	0,682625
0,715525	8,191966	0,673650
0,719225	5,386647	0,688075
0,722650	7,215399	0,685575
0,720175	7,404632	0,682250
0,718425	5,674524	0,685275
0,721050	4,769581	0,691750
0,728450	4,999611	0,700850
0,720400	5,071584	0,691350
0,727475	3,352741	0,705025
0,727600	3,821899	0,704525
0,728400	6,105971	0,699200
0,729450	4,395771	0,705500
0,728275	4,889763	0,699975
0,731550	6,696177	0,700250
0,734150	5,147905	0,707725
0,732625	5,244065	0,703100
0,736025	5,058212	0,712025
0,733875	3,177759	0,714325
0,739250	3,758634	0,718850
0,737500	4,917515	0,712575
0,737875	4,995338	0,715100
0,737100	3,143933	0,719350
0,737850	3,855711	0,715625
0,739625	3,890147	0,717225
0,741250	5,094205	0,716650
0,739500	3,993873	0,717325
0,744500	3,638321	0,725600
0,742425	5,173238	0,718650
0,741525	3,150965	0,724150
0,745550	4,114283	0,725125
0,744775	3,681226	0,724700
0,747425	3,966578	0,728150
0,744525	4,321143	0,724000
0,751700	2,910621	0,737975
0,748925	3,823853	0,730350
0,753475	3,098595	0,737925
0,752275	3,179358	0,736150
0,757375	2,407023	0,744075
0,754175	3,117162	0,738150
0,758400	2,661698	0,743250
0,752850	3,006064	0,737575
0,759200	2,464819	0,745675
0,757475	3,298376	0,741800
0,758025	2,580175	0,743650
0,761525	2,989277	0,748050
0,758200	3,302433	0,743025
0,762950	3,727197	0,744825
0,764225	2,710473	0,751725
0,762625	2,691703	0,749600
0,765375	2,258618	0,754600
0,770025	2,103332	0,759850
0,769750	1,955891	0,759600
0,769325	2,724407	0,756950
0,773225	2,584222	0,762500
0,770125	2,208323	0,760100
0,774625	2,119559	0,764475
0,771900	2,578156	0,759375
0,774950	2,056006	0,765200
0,775125	1,943398	0,766275
0,777525	2,943334	0,764775
0,776700	2,158829	0,766700
0,779750	2,213329	0,769300
0,777625	2,241292	0,766850
0,779200	3,069912	0,767025
0,780300	1,738176	0,771425
0,781725	2,405055	0,770375
0,783275	2,247228	0,775350
0,781200	2,038543	0,772350
0,786475	1,919303	0,778025
0,784750	1,942557	0,776425
0,789075	1,502239	0,782925
0,788350	1,732099	0,780175
0,787750	1,832220	0,779375
0,792375	2,003554	0,784600
0,788550	1,953951	0,780075
0,789500	1,720791	0,782275
0,794600	1,476231	0,788075
0,796500	1,612880	0,789100
0,793825	2,262977	0,785750
0,795325	1,677365	0,789025
0,797400	1,784217	0,790275
0,800475	1,734564	0,793425
0,795400	1,710699	0,789175
0,798925	1,494095	0,793400
0,802000	1,481817	0,796425
0,801675	1,523202	0,795275
0,802175	1,308407	0,796925
0,802525	1,353802	0,796600
0,806325	1,273455	0,801525
0,807200	0,908262	0,803550
0,808925	1,453563	0,803375
0,809700	1,195563	0,805125
0,808275	1,219048	0,803925
0,810800	1,361590	0,805350
0,807300	1,162913	0,802575
0,810050	0,985024	0,806350
0,816050	1,023333	0,812575
0,812050	1,244085	0,807250
0,813650	1,090000	0,809650
0,813875	0,963413	0,810475
0,813775	1,036160	0,809600
0,817250	0,863889	0,813650
0,821600	1,299042	0,817375
0,824300	1,022984	0,820825
0,823750	0,912952	0,819950
0,822725	0,914302	0,818875
0,822000	1,069833	0,818125
0,823600	0,811000	0,820650
0,823325	1,017136	0,819600
0,824825	1,354174	0,820475
0,826125	0,952690	0,822200
0,827000	0,841667	0,823925
0,830525	0,914771	0,827625
0,825775	0,889190	0,822600
0,828675	0,819127	0,825575
0,834225	0,982429	0,831000
0,833000	0,780833	0,829750
0,834325	0,965216	0,831075
0,832800	0,778016	0,830125
0,838225	0,770667	0,835775
0,834250	0,785212	0,831150
0,839050	0,859333	0,836375
0,837175	0,715000	0,834825
0,840150	0,811333	0,837575
0,837625	1,082889	0,834350
0,839700	0,869000	0,836950
0,842225	0,910714	0,839150
0,842800	0,696667	0,840475
0,843350	0,572095	0,841475
0,846450	0,965667	0,843325
0,846950	0,535000	0,845275
0,847075	0,488333	0,845600
0,849325	0,725333	0,846800
0,848600	0,604167	0,846725
0,851700	0,405000	0,850425
0,851600	0,405000	0,850200
0,855700	0,609000	0,853800
0,854300	0,577333	0,852400
0,855575	0,631667	0,853475
0,857550	0,415000	0,856150
0,857475	0,720000	0,855450
0,858500	0,513000	0,856900
0,857950	0,719205	0,855750
0,859500	0,552000	0,857925
0,858025	0,389286	0,856725
0,861400	0,490190	0,859850
0,864200	0,535000	0,862775
0,863400	0,250000	0,862650
0,867450	0,646190	0,865525
0,866400	0,501667	0,864950
0,867150	0,346667	0,866050
0,869175	0,284000	0,868225
0,868450	0,576667	0,866675
0,869700	0,477312	0,868225
0,869900	0,310000	0,868950
0,872675	0,350667	0,871600
0,868750	0,394000	0,867575
0,872050	0,370000	0,871050
0,876075	0,366222	0,874925
0,874750	0,440000	0,873375
0,876725	0,436667	0,875525
0,878950	0,324667	0,877925
0,879825	0,321818	0,878900
0,877150	0,375000	0,876075
0,880950	0,270000	0,880150
0,882000	0,283333	0,881125
0,882125	0,310000	0,881250
0,884675	0,250000	0,884000
0,887175	0,200000	0,886625
0,885525	0,166667	0,885050
0,886675	0,310000	0,885900
0,886550	0,146667	0,886100
0,891550	0,190000	0,891000
0,889500	0,176667	0,889000
0,891875	0,210000	0,891275
0,891425	0,220000	0,890800
0,891450	0,220000	0,890875
0,893075	0,216667	0,892475
0,895600	0,180000	0,895150
0,892700	0,210000	0,892125
0,898525	0,232857	0,897900
0,898700	0,160000	0,898275
0,896775	0,231667	0,896000
0,902625	0,290000	0,901900
0,899575	0,166667	0,899125
0,901350	0,249167	0,900625
0,904425	0,130000	0,904100
0,904200	0,170000	0,903775
0,905200	0,090000	0,904950
0,903000	0,176667	0,902450
0,908700	0,240000	0,908100
0,908275	0,180000	0,907825
0,910625	0,160000	0,910225
0,911275	0,130000	0,910950
0,913325	0,120000	0,913000
0,910350	0,116667	0,910025
0,912175	0,200000	0,911650
0,913650	0,120000	0,913350
0,914625	0,240000	0,914025
0,918525	0,040000	0,918425
0,918650	0,114000	0,918300
0,915200	0,175000	0,914700
0,920525	0,150000	0,920150
0,919825	0,080000	0,919625
0,921650	0,090000	0,921400
0,924050	0,080000	0,923850
0,924050	0,060000	0,923900
0,921475	0,100000	0,921200
0,924700	0,110000	0,924400
0,924725	0,030000	0,924625
0,929250	0,040000	0,929150
0,928975	0,050000	0,928825
0,927350	0,140000	0,927000
0,926500	0,060000	0,926350
0,930975	0,080000	0,930775
0,935000	0,010000	0,934975
0,932575	0,040000	0,932475
0,932550	0,030000	0,932475
0,934525	0,010000	0,934500
0,936875	0,030000	0,936800
0,938325	0,000000	0,938325
0,936700	0,050000	0,936575
0,938650	0,030000	0,938550
0,939950	0,046667	0,939800
0,941000	0,030000	0,940925
0,941125	0,090000	0,940900
0,942700	0,020000	0,942650
0,945100	0,010000	0,945075
0,945175	0,050000	0,945025
0,944225	0,040000	0,944125
0,949525	0,030000	0,949450
0,948175	0,040000	0,948075
0,946550	0,088889	0,946250
0,950100	0,060000	0,949950
0,952050	0,010000	0,952025
0,950325	0,040000	0,950225
0,952800	0,040000	0,952700
0,955525	0,010000	0,955500
0,953850	0,026667	0,953750
0,956325	0,000000	0,956325
0,955925	0,010000	0,955900
0,958175	0,010000	0,958150
0,958325	0,040000	0,958225
0,958775	0,020000	0,958725
0,960275	0,000000	0,960275
0,960600	0,010000	0,960575
0,964200	0,000000	0,964200
0,962625	0,010000	0,962600
0,964175	0,020000	0,964125
0,964200	0,010000	0,964175
0,967200	0,000000	0,967200
0,968300	0,020000	0,968250
0,968975	0,000000	0,968975
0,969625	0,000000	0,969625
0,970550	0,000000	0,970550
0,972275	0,020000	0,972225
0,974300	0,000000	0,974300
0,973550	0,000000	0,973550
0,973075	0,030000	0,973000
0,977100	0,000000	0,977100
0,974875	0,000000	0,974875
0,979000	0,000000	0,979000
0,978000	0,020000	0,977950
0,979825	0,000000	0,979825
0,982400	0,000000	0,982400
0,981200	0,000000	0,981200
0,983750	0,000000	0,983750
0,984325	0,000000	0,984325
0,985050	0,000000	0,985050
0,985500	0,000000	0,985500
0,986350	0,000000	0,986350
0,987475	0,000000	0,987475
0,989675	0,000000	0,989675
0,989225	0,000000	0,989225
0,990925	0,000000	0,990925
0,992850	0,000000	0,992850
0,992800	0,000000	0,992800
0,993350	0,000000	0,993350
0,995250	0,000000	0,995250
0,996550	0,000000	0,996550
0,996900	0,000000	0,996900
0,997900	0,000000	0,997900
0,998825	0,000000	0,998825
1,000000	0,000000	1,000000
